variante,base,episodio,semilla,lr,segundos,vehiculos,espera_prom,timeloss_prom,cola_prom,cola_max,recompensa,recompensa_decision,recompensa_total_decision,decisiones,decisiones_libres,cambios_fase,paradas_prom,throughput,co2_prom,nox_prom,no_terminados,spillback_tasa,spillback_seg,spillback_eventos,cola_max_enlace,veh_max_enlace,viaje_corredor_prom,retraso_corredor_prom,retraso_corredor_punta,paradas_corredor,paradas_corredor_le1,spill_activaciones,spill_suma,perdida_politica,perdida_valor,entropia_libre,kl_aprox,clipfrac,eval_timeloss,eval_espera,ret_retraso,ret_colas,ret_spill,val_999,val_1999,val,algoritmo,recompensa_tipo
local,2042,1,2043,1.00e-03,8.1,1810,31.93,75.56,14.41,49,-12636.9,-7.677,-20.233,1368,898,468,3.136,1709,308.5,106.9,0,0.0,0,0,21,36,208.52,125.39,163.95,5.26,0.234,0,0.0,-0.0026,2.0113,0.6878,0.0036,0.0223,,,-138391.3,-64312.84,-138419.3,,,,ippo,retraso
local,2042,2,2044,9.95e-04,8.0,1810,31.31,69.72,14.39,53,-12545.8,-7.773,-18.937,1358,922,432,2.68,1712,299.9,104.1,0,0.0,0,0,27,35,195.62,112.89,145.87,4.391,0.266,0,0.0,-0.0144,0.8594,0.6635,0.0099,0.1617,,,-128582.05,-63863.58,-129238.05,,,,ippo,retraso
local,2042,3,2045,9.90e-04,7.7,1810,21.35,53.25,10.48,36,-8420.3,-5.511,-14.831,1296,900,391,2.185,1725,273.4,94.4,0,0.0,0,0,25,35,162.63,79.98,102.06,3.399,0.389,0,0.0,-0.0169,0.5067,0.6019,0.0112,0.1792,,,-96107.69,-43259.86,-96305.69,,,,ippo,retraso
local,2042,4,2046,9.85e-04,7.0,1810,13.5,32.45,6.92,23,-5402.6,-3.611,-9.048,1278,907,368,1.264,1759,240.5,82.9,0,0.0,0,0,14,22,122.83,39.94,47.28,1.641,0.521,0,0.0,-0.0112,0.3114,0.5406,0.0076,0.1105,,,-57816.11,-28112.46,-57816.11,,,,ippo,retraso
local,2042,5,2047,9.80e-04,7.0,1810,12.48,28.93,6.47,21,-5075.1,-3.402,-8.012,1290,934,341,1.052,1758,233.8,80.6,0,0.0,0,0,12,19,113.25,30.35,34.05,1.224,0.638,0,0.0,-0.0032,0.1528,0.5162,0.0082,0.1066,,,-51677.46,-26617.0,-51677.46,,,,ippo,retraso
local,2042,6,2048,9.75e-04,6.8,1810,9.93,25.32,5.28,19,-4021.8,-2.725,-7.017,1271,923,345,0.901,1762,228.0,78.5,0,0.0,0,0,11,15,108.87,25.66,27.81,0.972,0.785,0,0.0,-0.0026,0.0851,0.5135,0.0043,0.0696,,,-44590.23,-21320.23,-44590.23,,,,ippo,retraso
local,2042,7,2049,9.70e-04,6.9,1810,9.42,24.67,5.02,16,-3816.8,-2.575,-6.767,1268,903,361,0.886,1763,226.4,77.9,0,0.0,0,0,7,13,108.15,25.14,27.06,0.948,0.791,0,0.0,-0.0059,0.0645,0.4684,0.005,0.071,,,-42901.54,-20218.59,-42901.54,,,,ippo,retraso
local,2042,8,2050,9.65e-04,7.0,1810,9.24,24.36,4.9,16,-3689.9,-2.49,-6.689,1268,904,361,0.909,1765,226.4,77.9,0,0.0,0,0,8,13,108.27,25.3,26.69,1.014,0.747,0,0.0,-0.0043,0.0536,0.4589,0.0046,0.0608,,,-42411.22,-19666.38,-42411.22,,,,ippo,retraso
local,2042,9,2051,9.60e-04,6.9,1810,9.0,24.08,4.81,18,-3616.1,-2.443,-6.596,1264,897,364,0.874,1765,225.2,77.5,0,0.0,0,0,8,14,107.82,24.58,25.99,0.922,0.795,0,0.0,-0.0014,0.0557,0.4601,0.0035,0.0561,,,-41688.03,-19244.36,-41688.03,,,,ippo,retraso
local,2042,10,2052,9.55e-04,6.8,1810,8.52,23.18,4.59,19,-3453.3,-2.333,-6.399,1257,876,378,0.836,1768,223.8,77.0,0,0.0,0,0,7,13,106.49,23.62,25.09,0.867,0.833,0,0.0,-0.0036,0.0612,0.4114,0.0053,0.062,21.88,7.84,-40218.62,-18328.89,-40218.62,21.88,21.75,21.815,ippo,retraso
local,2042,11,2053,9.50e-04,7.0,1810,8.19,22.69,4.41,17,-3265.2,-2.209,-6.272,1252,868,381,0.865,1763,223.0,76.8,0,0.0,0,0,8,13,106.71,23.73,25.06,0.921,0.815,0,0.0,0.0013,0.0527,0.3956,0.0035,0.0504,,,-39263.63,-17470.54,-39263.63,,,,ippo,retraso
local,2042,12,2054,9.45e-04,6.7,1810,8.32,23.35,4.45,16,-3308.3,-2.226,-6.392,1253,860,392,0.871,1769,224.8,77.3,0,0.0,0,0,8,13,107.85,24.91,25.94,0.939,0.779,0,0.0,-0.001,0.0501,0.3756,0.0045,0.0556,,,-40043.16,-17685.59,-40043.16,,,,ippo,retraso
local,2042,13,2055,9.40e-04,6.9,1810,7.58,22.42,4.12,17,-3022.7,-2.037,-6.134,1250,852,396,0.83,1761,222.8,76.6,0,0.0,0,0,8,13,106.81,23.91,25.27,0.902,0.818,0,0.0,-0.0013,0.0491,0.3631,0.0033,0.0449,,,-38334.51,-16302.04,-38334.51,,,,ippo,retraso
local,2042,14,2056,9.35e-04,6.8,1810,8.17,22.88,4.4,16,-3250.8,-2.197,-6.273,1250,860,388,0.884,1767,223.5,76.9,0,0.0,0,0,7,14,107.07,24.34,25.81,0.962,0.806,0,0.0,-0.0052,0.0454,0.3458,0.0036,0.0533,,,-39205.2,-17407.71,-39205.2,,,,ippo,retraso
local,2042,15,2057,9.30e-04,6.9,1810,7.56,22.19,4.11,14,-3045.8,-2.05,-6.136,1250,850,398,0.848,1767,222.4,76.4,0,0.0,0,0,8,14,106.41,23.38,25.03,0.902,0.818,0,0.0,-0.0013,0.0461,0.3276,0.0026,0.0352,,,-38349.64,-16244.68,-38349.64,,,,ippo,retraso
local,2042,16,2058,9.25e-04,6.7,1810,7.91,22.19,4.27,16,-3133.1,-2.114,-6.051,1262,887,372,0.812,1768,221.7,76.3,0,0.0,0,0,7,12,105.31,22.48,23.77,0.831,0.86,0,0.0,0.0029,0.0448,0.304,0.0043,0.0538,,,-38183.58,-16948.73,-38183.58,,,,ippo,retraso
local,2042,17,2059,9.20e-04,7.0,1810,8.25,22.73,4.42,17,-3276.4,-2.22,-6.216,1259,890,366,0.84,1766,222.7,76.6,0,0.0,0,0,8,15,105.5,22.8,24.0,0.844,0.822,0,0.0,-0.0,0.0491,0.2747,0.0031,0.0375,,,-39132.2,-17478.33,-39132.2,,,,ippo,retraso
local,2042,18,2060,9.15e-04,6.9,1810,8.24,22.48,4.46,17,-3313.3,-2.242,-6.18,1266,905,359,0.814,1761,221.9,76.4,0,0.0,0,0,7,11,104.62,21.78,22.55,0.792,0.879,0,0.0,0.0005,0.0458,0.2545,0.0022,0.0322,,,-39119.19,-17762.38,-39119.19,,,,ippo,retraso
local,2042,19,2061,9.10e-04,6.8,1810,7.65,21.91,4.17,15,-3061.3,-2.077,-5.986,1260,897,361,0.785,1766,220.5,75.9,0,0.0,0,0,6,13,105.0,21.79,23.42,0.755,0.899,0,0.0,0.0005,0.0416,0.2628,0.0033,0.0454,,,-37708.7,-16484.18,-37708.7,,,,ippo,retraso
local,2042,20,2062,9.05e-04,7.0,1810,8.02,22.55,4.34,15,-3185.6,-2.155,-6.211,1254,874,377,0.854,1768,223.1,76.7,0,0.0,0,0,8,14,105.85,23.14,24.77,0.878,0.798,0,0.0,0.0001,0.0432,0.2623,0.0033,0.0386,22.86,8.33,-38942.46,-17157.48,-38942.46,22.86,22.37,22.615,ippo,retraso
local,2042,21,2063,9.00e-04,6.8,1810,7.93,22.15,4.32,16,-3164.6,-2.144,-6.09,1255,880,373,0.837,1769,221.7,76.3,0,0.0,0,0,8,13,105.06,22.53,23.75,0.846,0.849,0,0.0,0.0013,0.0485,0.2605,0.0046,0.0545,,,-38211.82,-17042.23,-38211.82,,,,ippo,retraso
local,2042,22,2064,8.95e-04,6.8,1810,7.55,21.57,4.12,17,-3040.9,-2.057,-5.91,1258,885,370,0.793,1771,220.5,75.9,0,0.0,0,0,7,11,104.07,21.57,22.67,0.798,0.866,0,0.0,0.002,0.0448,0.2376,0.0023,0.0345,,,-37172.64,-16296.69,-37172.64,,,,ippo,retraso
local,2042,23,2065,8.90e-04,6.8,1810,7.95,22.34,4.31,16,-3179.6,-2.148,-6.1,1262,894,365,0.815,1763,221.4,76.2,0,0.0,0,0,7,12,105.32,22.37,23.77,0.827,0.874,0,0.0,0.0006,0.0399,0.2164,0.0041,0.0468,,,-38493.51,-17110.81,-38493.51,,,,ippo,retraso
local,2042,24,2066,8.85e-04,6.8,1810,8.3,22.58,4.47,15,-3310.0,-2.236,-6.17,1267,904,360,0.817,1767,222.2,76.5,0,0.0,0,0,7,10,104.88,21.76,22.44,0.806,0.873,0,0.0,0.0005,0.043,0.2099,0.0036,0.0443,,,-39085.24,-17771.41,-39085.24,,,,ippo,retraso
local,2042,25,2067,8.80e-04,6.8,1810,8.14,22.46,4.41,17,-3266.4,-2.21,-6.127,1270,916,351,0.806,1766,222.0,76.4,0,0.0,0,0,7,13,105.23,22.06,23.03,0.809,0.874,0,0.0,-0.0033,0.0385,0.2016,0.005,0.0547,,,-38909.53,-17515.0,-38909.53,,,,ippo,retraso
local,2042,26,2068,8.75e-04,6.8,1810,8.18,22.37,4.43,15,-3267.5,-2.214,-6.089,1270,918,349,0.792,1763,221.4,76.2,0,0.0,0,0,8,13,104.33,21.66,22.92,0.765,0.887,0,0.0,-0.0012,0.0375,0.1966,0.0033,0.0441,,,-38667.74,-17594.37,-38667.74,,,,ippo,retraso
local,2042,27,2069,8.70e-04,6.9,1810,8.26,22.64,4.44,18,-3308.0,-2.235,-6.17,1267,906,360,0.854,1764,222.5,76.6,0,0.0,0,0,7,12,105.6,22.88,24.45,0.88,0.807,0,0.0,-0.0002,0.0384,0.1997,0.0035,0.0419,,,-39088.36,-17595.66,-39088.36,,,,ippo,retraso
local,2042,28,2070,8.65e-04,6.9,1810,7.89,21.88,4.27,15,-3173.7,-2.144,-5.967,1268,907,358,0.794,1769,220.9,76.1,0,0.0,0,0,6,12,104.66,21.6,22.63,0.801,0.88,0,0.0,0.0017,0.0375,0.2149,0.0043,0.0487,,,-37829.86,-16957.8,-37829.86,,,,ippo,retraso
local,2042,29,2071,8.60e-04,6.8,1810,8.03,22.43,4.34,17,-3232.8,-2.181,-6.106,1265,896,366,0.821,1771,222.7,76.6,0,0.0,0,0,7,13,105.56,22.83,24.28,0.859,0.846,0,0.0,-0.0006,0.0418,0.2243,0.0023,0.0295,,,-38620.41,-17210.72,-38620.41,,,,ippo,retraso
local,2042,30,2072,8.55e-04,6.9,1810,8.05,22.68,4.37,18,-3220.4,-2.182,-6.202,1263,900,360,0.818,1764,222.5,76.6,0,0.0,0,0,8,13,106.14,23.05,24.54,0.839,0.854,0,0.0,-0.0003,0.044,0.2334,0.0031,0.0398,22.28,7.82,-39168.17,-17325.04,-39168.17,22.28,22.31,22.295,ippo,retraso
local,2042,31,2073,8.50e-04,6.8,1810,7.28,21.54,3.98,15,-2903.4,-1.964,-5.902,1252,867,383,0.782,1763,220.8,75.9,0,0.0,0,0,6,13,105.85,22.88,24.35,0.825,0.858,0,0.0,-0.0016,0.038,0.22,0.0053,0.0634,,,-36946.57,-15668.17,-36946.57,,,,ippo,retraso
local,2042,32,2074,8.45e-04,6.7,1810,7.54,22.22,4.11,15,-3004.9,-2.033,-6.133,1252,870,379,0.84,1766,221.9,76.3,0,0.0,0,0,7,12,107.11,23.82,25.06,0.92,0.82,0,0.0,-0.0008,0.0384,0.206,0.0031,0.0378,,,-38391.04,-16153.05,-38391.04,,,,ippo,retraso
local,2042,33,2075,8.40e-04,6.9,1810,7.71,21.95,4.16,16,-3068.2,-2.068,-5.976,1264,889,372,0.817,1765,221.3,76.2,0,0.0,0,0,7,13,105.26,22.3,23.45,0.829,0.856,0,0.0,-0.0004,0.0342,0.2129,0.0031,0.0365,,,-37768.17,-16514.76,-37768.17,,,,ippo,retraso
local,2042,34,2076,8.35e-04,6.8,1810,7.79,22.3,4.21,16,-3116.2,-2.106,-6.068,1263,895,366,0.815,1765,222.0,76.4,0,0.0,0,0,9,13,106.31,23.21,24.74,0.852,0.839,0,0.0,-0.0009,0.0374,0.2097,0.0053,0.0566,,,-38318.52,-16685.55,-38318.52,,,,ippo,retraso
local,2042,35,2077,8.30e-04,6.9,1810,7.37,21.61,4.03,15,-2957.9,-1.999,-5.931,1258,881,375,0.793,1766,220.6,75.9,0,0.0,0,0,8,11,105.42,22.35,23.58,0.836,0.853,0,0.0,-0.002,0.0306,0.2053,0.0065,0.0586,,,-37303.19,-15881.19,-37303.19,,,,ippo,retraso
local,2042,36,2078,8.25e-04,6.6,1810,7.58,21.75,4.13,15,-3031.4,-2.051,-5.914,1259,889,367,0.823,1764,221.3,76.2,0,0.0,0,0,6,11,105.09,22.63,23.53,0.885,0.841,0,0.0,-0.0012,0.0327,0.2003,0.0037,0.0453,,,-37227.16,-16254.02,-37227.16,,,,ippo,retraso
local,2042,37,2079,8.20e-04,6.8,1810,7.75,22.24,4.21,16,-3085.7,-2.088,-6.121,1253,870,381,0.85,1765,221.7,76.3,0,0.0,0,0,8,13,106.0,23.37,25.23,0.913,0.833,0,0.0,0.0016,0.0341,0.1916,0.0047,0.0485,,,-38347.5,-16572.51,-38347.5,,,,ippo,retraso
local,2042,38,2080,8.15e-04,6.8,1810,7.57,22.32,4.12,19,-2983.8,-2.022,-6.147,1246,856,388,0.848,1764,222.7,76.5,0,0.0,0,0,8,16,107.14,24.09,25.89,0.914,0.816,0,0.0,-0.0002,0.0325,0.1911,0.0034,0.0418,,,-38293.6,-16156.33,-38293.6,,,,ippo,retraso
local,2042,39,2081,8.10e-04,6.6,1810,7.59,22.01,4.11,17,-3009.8,-2.031,-6.011,1254,868,383,0.843,1766,221.8,76.3,0,0.0,0,0,7,11,106.37,23.64,24.89,0.92,0.801,0,0.0,0.0011,0.0265,0.1754,0.0037,0.0392,,,-37691.58,-16156.31,-37691.58,,,,ippo,retraso
local,2042,40,2082,8.05e-04,6.7,1810,8.09,22.46,4.38,18,-3216.8,-2.179,-6.184,1256,880,373,0.853,1761,221.9,76.4,0,0.0,0,0,7,13,105.87,23.1,24.55,0.895,0.846,0,0.0,0.0012,0.037,0.1719,0.0026,0.0331,22.67,7.75,-38836.54,-17261.28,-38836.54,22.67,21.58,22.125,ippo,retraso
local,2042,41,2083,8.00e-04,6.5,1810,7.78,22.17,4.25,17,-3111.6,-2.111,-6.102,1253,877,374,0.86,1767,221.7,76.3,0,0.0,0,0,7,11,105.96,23.19,24.54,0.941,0.812,0,0.0,0.0021,0.0339,0.1571,0.0029,0.0322,,,-38229.63,-16677.01,-38229.63,,,,ippo,retraso
local,2042,42,2084,7.95e-04,6.6,1810,7.62,22.42,4.13,16,-3028.8,-2.044,-6.109,1250,857,391,0.849,1764,223.3,76.7,0,0.0,0,0,7,11,107.03,24.07,25.47,0.922,0.812,0,0.0,0.0004,0.0301,0.1837,0.003,0.0363,,,-38181.65,-16252.87,-38181.65,,,,ippo,retraso
local,2042,43,2085,7.90e-04,6.8,1810,7.52,21.74,4.09,14,-2973.6,-2.015,-5.975,1251,868,380,0.813,1766,220.7,76.0,0,0.0,0,0,6,12,105.05,22.07,23.72,0.824,0.849,0,0.0,-0.0,0.0319,0.1631,0.0035,0.0356,,,-37371.06,-16098.08,-37371.06,,,,ippo,retraso
local,2042,44,2086,7.85e-04,6.5,1810,7.41,21.68,4.05,16,-2958.6,-2.007,-5.953,1250,870,377,0.797,1768,220.9,76.0,0,0.0,0,0,7,13,104.98,22.36,23.29,0.819,0.861,0,0.0,0.0023,0.0388,0.1648,0.0028,0.0315,,,-37203.69,-15887.65,-37203.69,,,,ippo,retraso
local,2042,45,2087,7.80e-04,6.0,1810,7.92,22.81,4.27,18,-3132.4,-2.114,-6.242,1257,875,379,0.882,1767,223.2,76.7,0,0.0,0,0,8,13,107.95,24.82,26.02,0.991,0.788,0,0.0,0.0032,0.033,0.1677,0.0034,0.0366,,,-39228.6,-16830.39,-39228.6,,,,ippo,retraso
local,2042,46,2088,7.75e-04,5.8,1810,7.62,22.27,4.14,15,-3018.5,-2.034,-6.048,1259,879,378,0.857,1768,222.2,76.4,0,0.0,0,0,8,12,106.57,24.06,25.68,0.961,0.789,0,0.0,0.0015,0.0361,0.152,0.0043,0.0419,,,-38071.27,-16314.66,-38071.27,,,,ippo,retraso
local,2042,47,2089,7.70e-04,5.9,1810,7.9,22.18,4.28,16,-3156.1,-2.133,-6.073,1263,895,367,0.822,1768,221.7,76.3,0,0.0,0,0,6,13,104.81,22.08,23.06,0.825,0.859,0,0.0,-0.0002,0.0339,0.157,0.0034,0.0368,,,-38352.87,-16982.16,-38352.87,,,,ippo,retraso
local,2042,48,2090,7.65e-04,6.0,1810,6.97,20.81,3.82,15,-2786.5,-1.88,-5.664,1261,886,372,0.755,1767,218.4,75.2,0,0.0,0,0,7,14,103.81,20.82,22.09,0.74,0.861,0,0.0,-0.0,0.0335,0.1658,0.0058,0.0447,,,-35710.88,-15094.46,-35710.88,,,,ippo,retraso
local,2042,49,2091,7.60e-04,6.0,1810,8.03,22.72,4.32,15,-3213.7,-2.169,-6.229,1258,876,379,0.85,1763,222.8,76.6,0,0.0,0,0,7,13,106.34,23.41,24.8,0.871,0.827,0,0.0,0.0023,0.0309,0.1873,0.0033,0.037,,,-39179.43,-17093.44,-39179.43,,,,ippo,retraso
local,2042,50,2092,7.55e-04,5.9,1810,7.58,22.03,4.15,16,-3045.5,-2.063,-6.074,1255,882,371,0.82,1766,221.4,76.2,0,0.0,0,0,8,14,106.15,23.1,24.46,0.872,0.833,0,0.0,0.0005,0.037,0.162,0.0018,0.0248,22.28,7.51,-38114.64,-16335.44,-38114.64,22.28,21.79,22.035,ippo,retraso
local,2042,51,2093,7.50e-04,6.0,1810,7.26,21.28,3.97,18,-2882.0,-1.953,-5.829,1251,870,378,0.788,1769,219.5,75.6,0,0.0,0,0,7,14,104.45,21.75,23.06,0.799,0.864,0,0.0,0.0017,0.0348,0.1693,0.0031,0.0372,,,-36461.35,-15579.88,-36461.35,,,,ippo,retraso
local,2042,52,2094,7.45e-04,5.9,1810,7.26,21.83,3.96,16,-2870.2,-1.942,-5.98,1249,860,386,0.833,1769,221.2,76.0,0,0.0,0,0,7,12,106.62,23.79,25.33,0.92,0.792,0,0.0,0.0014,0.0363,0.1568,0.0032,0.0354,,,-37344.98,-15526.18,-37344.98,,,,ippo,retraso
local,2042,53,2095,7.40e-04,6.0,1810,7.66,22.47,4.18,16,-3064.0,-2.076,-6.176,1250,865,382,0.866,1767,222.6,76.5,0,0.0,0,0,8,14,107.81,24.92,26.67,1.0,0.769,0,0.0,-0.0015,0.033,0.1619,0.0038,0.034,,,-38603.04,-16369.47,-38603.04,,,,ippo,retraso
local,2042,54,2096,7.35e-04,5.9,1810,7.87,22.41,4.26,16,-3100.7,-2.104,-6.178,1251,870,378,0.848,1763,222.6,76.6,0,0.0,0,0,7,12,106.58,23.67,25.44,0.882,0.822,0,0.0,0.0027,0.0387,0.1891,0.0042,0.0448,,,-38641.19,-16750.98,-38641.19,,,,ippo,retraso
local,2042,55,2097,7.30e-04,6.3,1810,7.09,21.11,3.88,18,-2818.7,-1.902,-5.755,1260,883,374,0.76,1773,219.5,75.5,0,0.0,0,0,7,12,104.81,21.73,23.19,0.764,0.887,0,0.0,-0.0004,0.0292,0.1771,0.0049,0.0461,,,-36259.53,-15329.97,-36259.53,,,,ippo,retraso
local,2042,56,2098,7.25e-04,6.0,1810,7.25,21.55,3.97,18,-2898.8,-1.961,-5.888,1256,878,376,0.802,1765,220.3,75.8,0,0.0,0,0,7,12,104.61,21.85,23.19,0.811,0.856,0,0.0,0.0006,0.0323,0.1839,0.0032,0.0386,,,-36973.5,-15652.2,-36973.5,,,,ippo,retraso
local,2042,57,2099,7.20e-04,5.9,1810,7.34,21.63,4.01,16,-2910.6,-1.972,-5.929,1251,868,380,0.838,1768,220.8,76.0,0,0.0,0,0,9,15,106.03,23.22,24.34,0.921,0.8,0,0.0,-0.004,0.0325,0.1992,0.0036,0.0438,,,-37087.59,-15697.55,-37087.59,,,,ippo,retraso
local,2042,58,2100,7.15e-04,5.9,1810,7.46,21.78,4.06,16,-2998.3,-2.026,-5.982,1252,865,384,0.82,1764,221.3,76.1,0,0.0,0,0,7,13,104.78,22.26,23.38,0.832,0.845,0,0.0,-0.0028,0.0342,0.2178,0.0053,0.0602,,,-37449.73,-16025.36,-37449.73,,,,ippo,retraso
local,2042,59,2101,7.10e-04,5.9,1810,7.24,21.43,3.95,15,-2882.6,-1.945,-5.854,1250,856,392,0.812,1765,220.6,75.9,0,0.0,0,0,6,12,105.37,22.61,23.87,0.862,0.859,0,0.0,0.0005,0.0273,0.2102,0.0025,0.0267,,,-36584.7,-15569.63,-36584.7,,,,ippo,retraso
local,2042,60,2102,7.05e-04,6.0,1810,7.45,22.2,4.06,15,-2987.1,-2.018,-6.062,1254,872,381,0.82,1768,222.0,76.3,0,0.0,0,0,8,12,106.72,23.62,25.17,0.871,0.834,0,0.0,-0.0025,0.0286,0.2068,0.0043,0.0431,21.71,7.17,-38010.34,-16022.8,-38010.34,21.71,22.19,21.95,ippo,retraso
local,2042,61,2103,7.00e-04,6.0,1810,7.95,22.85,4.29,17,-3170.5,-2.136,-6.266,1257,871,383,0.908,1766,223.9,77.0,0,0.0,0,0,8,14,108.16,25.29,27.45,1.072,0.734,0,0.0,0.0007,0.0295,0.2053,0.0032,0.0383,,,-39381.58,-16913.79,-39381.58,,,,ippo,retraso
local,2042,62,2104,6.95e-04,6.0,1810,7.6,22.23,4.14,15,-3013.5,-2.042,-6.152,1245,852,390,0.84,1765,222.3,76.4,0,0.0,0,0,7,13,106.85,23.7,25.43,0.907,0.819,0,0.0,0.0006,0.0343,0.1965,0.0031,0.0379,,,-38297.38,-16233.49,-38297.38,,,,ippo,retraso
local,2042,63,2105,6.90e-04,6.1,1810,7.43,21.88,4.05,15,-2943.0,-1.997,-6.033,1241,845,394,0.855,1765,221.9,76.3,0,0.0,0,0,7,14,106.84,23.95,26.04,0.956,0.82,0,0.0,-0.0019,0.0324,0.1934,0.0028,0.0353,,,-37431.87,-15832.47,-37431.87,,,,ippo,retraso
local,2042,64,2106,6.85e-04,5.9,1810,7.48,22.11,4.07,16,-2971.3,-2.01,-6.092,1245,848,394,0.839,1767,222.3,76.4,0,0.0,0,0,6,12,106.82,23.86,25.49,0.911,0.807,0,0.0,-0.0014,0.0314,0.184,0.003,0.0341,,,-37920.94,-16004.98,-37920.94,,,,ippo,retraso
local,2042,65,2107,6.80e-04,5.9,1810,7.6,22.09,4.14,18,-3050.4,-2.061,-6.037,1254,870,382,0.855,1767,222.1,76.4,0,0.0,0,0,9,14,106.66,23.85,25.42,0.948,0.798,0,0.0,-0.0001,0.0334,0.1894,0.0032,0.0329,,,-37853.3,-16296.82,-37853.3,,,,ippo,retraso
local,2042,66,2108,6.75e-04,6.0,1810,7.63,22.25,4.15,16,-3026.5,-2.05,-6.119,1251,866,382,0.853,1765,222.1,76.4,0,0.0,0,0,8,13,106.41,23.52,25.59,0.921,0.815,0,0.0,0.0009,0.032,0.1924,0.0027,0.0345,,,-38272.04,-16321.43,-38272.04,,,,ippo,retraso
local,2042,67,2109,6.70e-04,5.8,1810,7.2,21.53,3.93,16,-2885.0,-1.949,-5.922,1247,851,393,0.811,1765,220.7,75.9,0,0.0,0,0,7,12,105.77,22.92,23.99,0.849,0.855,0,0.0,-0.0011,0.033,0.2,0.0021,0.0283,,,-36921.38,-15459.2,-36921.38,,,,ippo,retraso
local,2042,68,2110,6.65e-04,5.9,1810,7.37,21.87,4.0,15,-2905.4,-1.96,-5.989,1248,851,395,0.852,1768,221.3,76.1,0,0.0,0,0,8,15,106.73,23.85,25.15,0.942,0.798,0,0.0,-0.0009,0.0326,0.1868,0.0043,0.0477,,,-37372.93,-15713.67,-37372.93,,,,ippo,retraso
local,2042,69,2111,6.60e-04,6.0,1810,7.15,21.51,3.92,16,-2833.3,-1.914,-5.903,1246,849,394,0.827,1763,220.6,75.9,0,0.0,0,0,7,14,106.31,23.49,25.24,0.909,0.836,0,0.0,-0.004,0.0341,0.18,0.0044,0.0441,,,-36776.14,-15370.19,-36776.14,,,,ippo,retraso
local,2042,70,2112,6.55e-04,6.0,1810,7.24,21.86,3.93,17,-2871.1,-1.94,-6.003,1244,844,398,0.843,1764,221.3,76.0,0,0.0,0,0,7,12,107.04,24.0,25.34,0.909,0.811,0,0.0,0.0005,0.032,0.1895,0.0026,0.0317,21.85,7.37,-37335.63,-15441.37,-37335.63,21.85,21.48,21.665,ippo,retraso
local,2042,71,2113,6.50e-04,5.8,1810,7.36,21.71,4.03,16,-2926.9,-1.988,-6.008,1235,832,401,0.846,1767,221.2,76.1,0,0.0,0,0,7,13,106.43,23.77,25.22,0.933,0.826,0,0.0,0.0037,0.0355,0.1936,0.0024,0.033,,,-37100.37,-15721.24,-37100.37,,,,ippo,retraso
local,2042,72,2114,6.45e-04,5.9,1810,7.87,23.0,4.24,19,-3103.0,-2.091,-6.291,1250,853,395,0.905,1766,223.9,76.9,0,0.0,0,0,9,13,108.71,25.67,27.62,1.035,0.776,0,0.0,0.0019,0.0379,0.1853,0.0031,0.0364,,,-39315.65,-16701.81,-39315.65,,,,ippo,retraso
local,2042,73,2115,6.40e-04,5.9,1810,7.08,21.57,3.9,15,-2829.0,-1.917,-5.965,1237,831,403,0.831,1764,220.8,75.9,0,0.0,0,0,8,15,106.44,23.63,25.52,0.894,0.847,0,0.0,0.0052,0.0383,0.1745,0.0033,0.0367,,,-36895.84,-15234.66,-36895.84,,,,ippo,retraso
local,2042,74,2116,6.35e-04,5.9,1810,7.52,21.99,4.07,14,-2973.0,-2.006,-6.039,1246,846,397,0.869,1765,221.8,76.3,0,0.0,0,0,7,12,106.98,24.04,25.5,0.954,0.813,0,0.0,0.0022,0.0351,0.1811,0.0022,0.0284,,,-37621.53,-15981.16,-37621.53,,,,ippo,retraso
local,2042,75,2117,6.30e-04,6.0,1810,7.5,21.99,4.09,15,-2973.1,-2.009,-6.04,1244,844,397,0.84,1763,221.7,76.3,0,0.0,0,0,7,12,106.41,23.64,25.42,0.907,0.848,0,0.0,-0.0023,0.0299,0.1794,0.0042,0.0436,,,-37566.88,-16059.3,-37566.88,,,,ippo,retraso
local,2042,76,2118,6.25e-04,5.8,1810,7.07,21.39,3.89,16,-2820.6,-1.911,-5.863,1242,845,395,0.82,1765,220.7,75.9,0,0.0,0,0,7,13,106.02,23.36,24.75,0.898,0.832,0,0.0,0.0008,0.0312,0.1845,0.0028,0.0338,,,-36407.11,-15196.22,-36407.11,,,,ippo,retraso
local,2042,77,2119,6.20e-04,6.0,1810,7.5,22.26,4.08,17,-2976.3,-2.014,-6.155,1240,835,402,0.861,1768,222.5,76.5,0,0.0,0,0,8,16,107.83,25.0,26.94,0.969,0.805,0,0.0,-0.0026,0.0353,0.1963,0.0049,0.0605,,,-38158.61,-15978.68,-38158.61,,,,ippo,retraso
local,2042,78,2120,6.15e-04,5.9,1810,7.3,21.8,3.99,18,-2891.7,-1.959,-5.993,1243,845,395,0.826,1768,222.0,76.3,0,0.0,0,0,8,14,106.93,24.0,25.49,0.916,0.825,0,0.0,0.0009,0.0337,0.2028,0.0021,0.0254,,,-37248.79,-15580.84,-37248.79,,,,ippo,retraso
local,2042,79,2121,6.10e-04,5.8,1810,7.47,22.41,4.06,19,-2928.7,-1.982,-6.122,1250,861,386,0.87,1765,222.8,76.5,0,0.0,0,0,8,15,108.58,25.28,27.22,1.011,0.778,0,0.0,0.0017,0.0366,0.213,0.0024,0.0282,,,-38262.36,-15876.39,-38262.36,,,,ippo,retraso
local,2042,80,2122,6.05e-04,5.9,1810,7.06,21.93,3.9,13,-2813.8,-1.909,-6.1,1233,825,406,0.811,1764,221.9,76.2,0,0.0,0,0,8,14,107.14,23.92,25.96,0.862,0.84,0,0.0,0.0043,0.0355,0.2295,0.0027,0.036,22.25,7.42,-37606.61,-15227.15,-37606.61,22.25,21.7,21.975,ippo,retraso
local,2042,81,2123,6.00e-04,5.8,1810,7.1,21.56,3.9,16,-2818.0,-1.907,-5.984,1237,830,405,0.839,1765,221.0,76.0,0,0.0,0,0,8,12,106.81,23.69,25.7,0.916,0.824,0,0.0,-0.0018,0.0304,0.2149,0.0018,0.0241,,,-37011.69,-15228.5,-37011.69,,,,ippo,retraso
local,2042,82,2124,5.95e-04,5.9,1810,7.65,22.36,4.15,18,-3000.7,-2.033,-6.16,1242,844,395,0.897,1767,222.3,76.5,0,0.0,0,0,8,13,107.33,24.56,26.21,1.015,0.756,0,0.0,-0.0033,0.0335,0.2095,0.0025,0.0347,,,-38256.67,-16215.64,-38256.67,,,,ippo,retraso
local,2042,83,2125,5.90e-04,5.9,1810,7.49,22.21,4.07,16,-2956.1,-2.0,-6.114,1244,847,394,0.856,1760,222.0,76.3,0,0.0,0,0,7,12,107.01,24.05,26.02,0.941,0.811,0,0.0,-0.0037,0.0311,0.2191,0.0044,0.055,,,-38032.02,-15953.95,-38032.02,,,,ippo,retraso
local,2042,84,2126,5.85e-04,6.0,1810,7.33,21.79,4.0,18,-2922.0,-1.974,-6.021,1245,845,397,0.83,1767,221.3,76.1,0,0.0,0,0,8,14,107.0,23.96,25.81,0.925,0.811,0,0.0,0.002,0.0298,0.2078,0.0028,0.036,,,-37483.41,-15720.47,-37483.41,,,,ippo,retraso
local,2042,85,2127,5.80e-04,5.9,1810,7.36,22.01,4.03,16,-2926.2,-1.983,-6.093,1236,827,406,0.859,1766,222.3,76.4,0,0.0,0,0,7,13,107.23,24.36,25.49,0.954,0.813,0,0.0,0.0019,0.0286,0.2384,0.0026,0.0319,,,-37652.19,-15750.62,-37652.19,,,,ippo,retraso
local,2042,86,2128,5.75e-04,6.0,1810,7.39,21.99,4.03,14,-2934.3,-1.985,-6.061,1235,822,410,0.872,1763,222.2,76.4,0,0.0,0,0,7,12,106.58,23.94,25.56,0.936,0.831,0,0.0,-0.0016,0.0301,0.262,0.0079,0.05,,,-37424.02,-15794.63,-37424.02,,,,ippo,retraso
local,2042,87,2129,5.70e-04,6.0,1810,7.34,22.08,4.0,19,-2915.8,-1.973,-6.031,1245,849,393,0.828,1767,221.8,76.2,0,0.0,0,0,10,17,107.12,24.17,26.09,0.9,0.851,0,0.0,0.0021,0.0361,0.2644,0.003,0.0366,,,-37543.74,-15708.56,-37543.74,,,,ippo,retraso
local,2042,88,2130,5.65e-04,6.0,1810,7.33,21.61,4.0,16,-2925.3,-1.977,-5.91,1250,860,388,0.823,1766,220.9,76.0,0,0.0,0,0,7,12,106.19,23.55,24.32,0.894,0.851,0,0.0,-0.0004,0.031,0.2342,0.0051,0.0496,,,-36939.92,-15714.89,-36939.92,,,,ippo,retraso
local,2042,89,2131,5.60e-04,6.0,1810,7.59,22.3,4.12,17,-3028.8,-2.047,-6.134,1244,843,399,0.876,1762,222.3,76.4,0,0.0,0,0,8,13,108.05,24.98,26.53,0.998,0.788,0,0.0,0.0003,0.0272,0.2175,0.0053,0.0498,,,-38155.66,-16147.16,-38155.66,,,,ippo,retraso
local,2042,90,2132,5.55e-04,6.0,1810,7.19,21.77,3.93,15,-2851.7,-1.929,-6.018,1241,838,401,0.835,1764,221.4,76.1,0,0.0,0,0,6,12,107.12,24.11,25.42,0.925,0.832,0,0.0,0.0006,0.0284,0.1903,0.0042,0.0378,21.91,7.27,-37344.39,-15415.63,-37344.39,21.91,21.83,21.87,ippo,retraso
local,2042,91,2133,5.50e-04,5.8,1810,7.08,21.49,3.89,16,-2825.3,-1.914,-5.882,1244,850,392,0.82,1766,220.8,75.9,0,0.0,0,0,7,14,106.39,23.42,24.63,0.9,0.822,0,0.0,-0.0011,0.031,0.1972,0.0029,0.0332,,,-36583.6,-15227.95,-36583.6,,,,ippo,retraso
local,2042,92,2134,5.45e-04,5.9,1810,7.32,22.07,4.01,17,-2917.8,-1.971,-6.08,1247,852,393,0.85,1763,222.3,76.4,0,0.0,0,0,7,13,107.59,24.62,26.26,0.954,0.785,0,0.0,0.0003,0.0292,0.1844,0.0024,0.0307,,,-37909.71,-15709.89,-37909.71,,,,ippo,retraso
local,2042,93,2135,5.40e-04,6.1,1810,7.76,22.35,4.21,18,-3060.9,-2.077,-6.197,1239,839,398,0.881,1768,222.7,76.6,0,0.0,0,0,9,16,107.89,25.25,27.05,1.011,0.779,0,0.0,0.0004,0.0415,0.1771,0.004,0.042,,,-38391.63,-16426.3,-38391.63,,,,ippo,retraso
local,2042,94,2136,5.35e-04,5.9,1810,7.8,22.78,4.24,17,-3120.6,-2.111,-6.276,1249,861,386,0.888,1766,223.2,76.7,0,0.0,0,0,8,14,108.02,25.18,27.17,1.016,0.78,0,0.0,0.002,0.0359,0.1869,0.0029,0.0297,,,-39194.84,-16625.98,-39194.84,,,,ippo,retraso
local,2042,95,2137,5.30e-04,6.1,1810,7.43,21.52,4.06,14,-2944.5,-1.992,-5.939,1247,858,388,0.817,1769,220.6,75.9,0,0.0,0,0,6,12,105.17,22.4,23.94,0.854,0.862,0,0.0,0.0003,0.0382,0.2122,0.0031,0.0407,,,-37032.49,-15950.11,-37032.49,,,,ippo,retraso
local,2042,96,2138,5.25e-04,5.9,1810,7.56,22.21,4.1,19,-3003.4,-2.032,-6.039,1257,881,374,0.85,1767,222.1,76.4,0,0.0,0,0,7,13,107.25,24.27,25.44,0.965,0.789,0,0.0,-0.0024,0.0355,0.1835,0.0021,0.0211,,,-37955.71,-16126.13,-37955.71,,,,ippo,retraso
local,2042,97,2139,5.20e-04,6.0,1810,7.86,22.49,4.27,16,-3118.8,-2.113,-6.15,1254,877,374,0.853,1767,222.4,76.5,0,0.0,0,0,8,13,106.64,23.95,25.81,0.941,0.812,0,0.0,0.0025,0.0322,0.1896,0.002,0.0254,,,-38558.55,-16791.08,-38558.55,,,,ippo,retraso
local,2042,98,2140,5.15e-04,6.0,1810,7.22,21.36,3.95,16,-2859.6,-1.937,-5.841,1250,867,380,0.809,1766,220.6,75.9,0,0.0,0,0,7,11,105.7,22.8,24.18,0.88,0.829,0,0.0,-0.0005,0.029,0.1827,0.0032,0.0367,,,-36507.34,-15498.9,-36507.34,,,,ippo,retraso
local,2042,99,2141,5.10e-04,6.0,1810,7.54,21.54,4.12,16,-2997.2,-2.028,-5.903,1253,870,380,0.806,1764,220.9,76.0,0,0.0,0,0,7,11,104.94,22.26,23.61,0.832,0.868,0,0.0,0.0008,0.0312,0.1863,0.0024,0.031,,,-36985.07,-16228.4,-36985.07,,,,ippo,retraso
local,2042,100,2142,5.05e-04,6.0,1810,7.26,21.42,3.98,15,-2910.4,-1.972,-5.869,1252,872,378,0.792,1768,220.2,75.7,0,0.0,0,0,6,12,104.83,22.01,23.18,0.801,0.878,0,0.0,-0.0007,0.0291,0.1885,0.0028,0.0313,22.44,8.11,-36738.75,-15644.65,-36738.75,22.44,21.39,21.915,ippo,retraso
local,2042,101,2143,5.00e-04,5.5,1810,7.8,21.96,4.24,17,-3111.4,-2.108,-6.037,1258,887,368,0.812,1767,221.1,76.1,0,0.0,0,0,7,12,105.19,22.35,24.2,0.832,0.868,0,0.0,0.0001,0.0342,0.2029,0.0028,0.0326,,,-37972.06,-16759.63,-37972.06,,,,ippo,retraso
local,2042,102,2144,4.95e-04,5.7,1810,7.79,22.04,4.23,16,-3105.9,-2.101,-6.008,1257,882,374,0.822,1768,221.4,76.2,0,0.0,0,0,6,11,105.4,22.83,23.77,0.881,0.852,0,0.0,-0.0037,0.0253,0.2138,0.0028,0.0391,,,-37757.24,-16692.08,-37757.24,,,,ippo,retraso
local,2042,103,2145,4.90e-04,5.2,1810,7.52,21.97,4.1,14,-2979.9,-2.019,-6.021,1253,873,377,0.796,1764,221.2,76.0,0,0.0,0,0,7,12,105.88,22.8,24.42,0.805,0.856,0,0.0,-0.0011,0.0279,0.2036,0.002,0.0266,,,-37722.87,-16145.78,-37722.87,,,,ippo,retraso
local,2042,104,2146,4.85e-04,5.4,1810,7.6,21.84,4.13,18,-3035.5,-2.051,-5.966,1259,882,374,0.797,1765,220.4,75.9,0,0.0,0,0,8,13,105.39,22.4,23.87,0.807,0.86,0,0.0,0.0009,0.0369,0.2241,0.0034,0.0325,,,-37553.32,-16357.47,-37553.32,,,,ippo,retraso
local,2042,105,2147,4.80e-04,6.0,1810,7.53,21.94,4.11,17,-3049.8,-2.066,-6.016,1252,870,379,0.827,1766,221.5,76.2,0,0.0,0,0,7,12,105.87,23.19,24.79,0.869,0.841,0,0.0,-0.0009,0.0279,0.2095,0.0027,0.0325,,,-37662.04,-16188.5,-37662.04,,,,ippo,retraso
local,2042,106,2148,4.75e-04,5.8,1810,7.37,21.78,4.03,18,-2941.0,-1.987,-5.967,1255,871,381,0.822,1767,221.0,76.0,0,0.0,0,0,7,12,106.02,23.08,24.81,0.885,0.833,0,0.0,-0.0029,0.027,0.2113,0.0017,0.0231,,,-37443.01,-15861.63,-37443.01,,,,ippo,retraso
local,2042,107,2149,4.70e-04,5.8,1810,7.29,21.69,3.99,17,-2907.1,-1.964,-5.98,1249,858,388,0.83,1770,221.0,76.0,0,0.0,0,0,7,11,106.34,23.34,24.47,0.898,0.833,0,0.0,0.0014,0.0328,0.19,0.0023,0.0315,,,-37346.23,-15666.97,-37346.23,,,,ippo,retraso
local,2042,108,2150,4.65e-04,5.8,1810,7.27,21.32,3.98,16,-2908.9,-1.968,-5.852,1251,863,385,0.809,1765,220.3,75.8,0,0.0,0,0,7,12,105.37,22.55,23.77,0.865,0.845,0,0.0,0.0021,0.0243,0.2008,0.0026,0.03,,,-36602.46,-15653.18,-36602.46,,,,ippo,retraso
local,2042,109,2151,4.60e-04,5.8,1810,7.42,21.89,4.05,17,-2955.9,-2.0,-6.034,1246,853,391,0.823,1766,221.4,76.1,0,0.0,0,0,9,13,106.36,23.36,24.91,0.873,0.848,0,0.0,-0.0023,0.0273,0.2313,0.0037,0.0406,,,-37594.5,-15913.69,-37594.5,,,,ippo,retraso
local,2042,110,2152,4.55e-04,5.8,1810,7.08,21.22,3.87,17,-2816.2,-1.903,-5.826,1248,854,392,0.803,1766,220.2,75.7,0,0.0,0,0,8,12,105.8,22.73,23.77,0.859,0.854,0,0.0,-0.0007,0.0243,0.2388,0.0035,0.034,22.68,8.17,-36356.85,-15225.61,-36356.85,22.68,22.46,22.57,ippo,retraso
local,2042,111,2153,4.50e-04,5.8,1810,7.72,22.55,4.17,21,-3059.7,-2.065,-6.194,1254,867,385,0.86,1762,223.2,76.7,0,0.0,0,0,8,14,108.19,25.04,26.45,0.975,0.788,0,0.0,-0.0023,0.0302,0.2501,0.0035,0.0332,,,-38838.42,-16412.84,-38838.42,,,,ippo,retraso
local,2042,112,2154,4.45e-04,5.7,1810,7.49,21.95,4.09,17,-2995.1,-2.024,-6.024,1255,872,380,0.83,1770,221.2,76.1,0,0.0,0,0,11,17,106.9,23.92,25.94,0.886,0.833,0,0.0,-0.0039,0.0365,0.2424,0.0055,0.053,,,-37798.49,-16108.29,-37798.49,,,,ippo,retraso
local,2042,113,2155,4.40e-04,5.7,1810,7.85,22.73,4.25,16,-3138.3,-2.115,-6.185,1258,874,382,0.882,1763,223.3,76.8,0,0.0,0,0,8,14,108.17,25.2,26.87,0.996,0.788,0,0.0,0.0012,0.0315,0.218,0.0027,0.0302,,,-38903.58,-16747.57,-38903.58,,,,ippo,retraso
local,2042,114,2156,4.35e-04,5.8,1810,7.37,21.77,4.02,16,-2932.0,-1.978,-5.96,1247,850,395,0.838,1768,221.3,76.1,0,0.0,0,0,7,12,106.45,23.56,24.69,0.915,0.835,0,0.0,-0.0021,0.0308,0.213,0.0024,0.0264,,,-37160.27,-15783.95,-37160.27,,,,ippo,retraso
local,2042,115,2157,4.30e-04,5.9,1810,7.5,21.92,4.1,15,-2987.8,-2.022,-6.051,1240,837,400,0.836,1763,221.5,76.2,0,0.0,0,0,7,13,107.18,24.06,25.52,0.924,0.841,0,0.0,-0.0055,0.0265,0.2065,0.0033,0.0383,,,-37517.1,-16065.02,-37517.1,,,,ippo,retraso
local,2042,116,2158,4.25e-04,5.8,1810,7.07,21.26,3.85,18,-2794.0,-1.883,-5.754,1255,865,387,0.801,1766,219.7,75.6,0,0.0,0,0,7,13,105.83,22.79,24.32,0.855,0.864,0,0.0,0.0005,0.027,0.2096,0.0034,0.0245,,,-36108.0,-15162.46,-36108.0,,,,ippo,retraso
local,2042,117,2159,4.20e-04,6.0,1810,7.31,21.82,4.0,14,-2890.2,-1.958,-5.982,1245,851,391,0.846,1766,221.4,76.1,0,0.0,0,0,8,11,107.1,24.21,25.86,0.956,0.8,0,0.0,-0.0013,0.0276,0.1989,0.0035,0.033,,,-37239.22,-15628.94,-37239.22,,,,ippo,retraso
local,2042,118,2160,4.15e-04,5.9,1810,7.6,22.42,4.14,17,-3010.0,-2.037,-6.205,1244,847,394,0.861,1762,222.4,76.4,0,0.0,0,0,9,15,108.15,25.13,27.3,0.968,0.813,0,0.0,-0.0015,0.0394,0.2067,0.0037,0.0429,,,-38592.22,-16194.81,-38592.22,,,,ippo,retraso
local,2042,119,2161,4.10e-04,5.9,1810,6.97,20.99,3.8,15,-2752.2,-1.857,-5.764,1245,843,399,0.807,1763,219.6,75.5,0,0.0,0,0,8,14,105.84,22.84,23.67,0.875,0.869,0,0.0,-0.0015,0.0277,0.2095,0.0019,0.0262,,,-35879.26,-14916.62,-35879.26,,,,ippo,retraso
local,2042,120,2162,4.05e-04,5.8,1810,7.02,21.31,3.87,18,-2793.7,-1.893,-5.866,1240,841,396,0.814,1766,220.3,75.8,0,0.0,0,0,10,16,106.3,23.79,25.45,0.914,0.825,0,0.0,-0.0003,0.0312,0.2029,0.0029,0.0304,22.1,7.37,-36369.37,-15106.72,-36369.37,22.1,21.87,21.985,ippo,retraso
local,2042,121,2163,4.00e-04,5.9,1810,7.44,22.29,4.05,15,-2916.5,-1.976,-6.126,1237,831,404,0.885,1764,222.7,76.5,0,0.0,0,0,7,12,107.98,25.19,26.77,1.029,0.761,0,0.0,-0.0038,0.0273,0.1921,0.003,0.0309,,,-37888.04,-15819.44,-37888.04,,,,ippo,retraso
local,2042,122,2164,3.95e-04,5.9,1810,6.94,21.49,3.81,16,-2740.0,-1.854,-5.872,1245,849,394,0.823,1768,220.2,75.7,0,0.0,0,0,7,12,106.89,23.94,25.91,0.915,0.829,0,0.0,-0.0016,0.0304,0.1877,0.0015,0.0207,,,-36553.2,-14896.21,-36553.2,,,,ippo,retraso
local,2042,123,2165,3.90e-04,6.0,1810,7.1,21.8,3.88,17,-2820.1,-1.903,-5.976,1239,827,409,0.86,1768,221.8,76.2,0,0.0,0,0,8,15,107.52,24.74,26.31,0.991,0.795,0,0.0,0.0013,0.0259,0.1858,0.0014,0.0192,,,-37022.15,-15194.83,-37022.15,,,,ippo,retraso
local,2042,124,2166,3.85e-04,5.8,1810,7.22,21.53,3.94,17,-2852.4,-1.927,-5.934,1240,833,405,0.856,1766,220.9,76.0,0,0.0,0,0,7,12,106.63,23.91,25.78,0.958,0.818,0,0.0,0.0033,0.0247,0.1695,0.0025,0.0279,,,-36792.05,-15423.17,-36792.05,,,,ippo,retraso
local,2042,125,2167,3.80e-04,6.0,1810,7.29,21.92,3.96,15,-2907.7,-1.962,-6.058,1237,819,415,0.859,1764,221.9,76.3,0,0.0,0,0,7,14,107.99,24.8,26.77,0.978,0.814,0,0.0,-0.0039,0.0354,0.1708,0.0032,0.0389,,,-37466.04,-15514.01,-37466.04,,,,ippo,retraso
local,2042,126,2168,3.75e-04,5.9,1810,7.19,21.62,3.93,15,-2839.7,-1.919,-5.966,1241,836,402,0.848,1767,220.7,75.9,0,0.0,0,0,7,12,106.72,23.91,25.37,0.942,0.818,0,0.0,-0.0021,0.0316,0.1698,0.0021,0.027,,,-37021.8,-15374.72,-37021.8,,,,ippo,retraso
local,2042,127,2169,3.70e-04,5.9,1810,7.56,22.38,4.1,19,-2981.4,-2.012,-6.118,1249,855,392,0.873,1766,222.7,76.6,0,0.0,0,0,7,13,107.8,25.01,26.82,0.975,0.782,0,0.0,-0.004,0.0291,0.161,0.0027,0.0306,,,-38205.16,-16090.98,-38205.16,,,,ippo,retraso
local,2042,128,2170,3.65e-04,6.3,1810,7.09,21.51,3.88,18,-2798.1,-1.891,-5.881,1246,848,395,0.826,1768,220.9,75.9,0,0.0,0,0,6,12,106.34,23.6,24.77,0.901,0.829,0,0.0,0.0016,0.0274,0.1607,0.0028,0.0328,,,-36638.89,-15207.42,-36638.89,,,,ippo,retraso
local,2042,129,2171,3.60e-04,6.0,1810,7.23,21.57,3.96,16,-2882.1,-1.95,-5.917,1246,852,392,0.836,1764,220.7,75.9,0,0.0,0,0,7,14,106.16,23.33,24.98,0.893,0.846,0,0.0,-0.0015,0.0286,0.188,0.0025,0.0291,,,-36863.7,-15524.18,-36863.7,,,,ippo,retraso
local,2042,130,2172,3.55e-04,6.1,1810,7.38,21.75,4.02,18,-2918.1,-1.974,-5.984,1243,844,398,0.847,1768,221.0,76.0,0,0.0,0,0,7,13,106.48,23.78,25.21,0.925,0.841,0,0.0,-0.0025,0.0327,0.1963,0.0029,0.0237,22.1,7.6,-37193.05,-15771.55,-37193.05,22.1,21.67,21.885,ippo,retraso
local,2042,131,2173,3.50e-04,5.9,1810,7.38,21.77,4.01,16,-2946.3,-1.988,-5.965,1250,856,391,0.833,1767,221.2,76.1,0,0.0,0,0,7,14,106.03,23.23,24.57,0.887,0.839,0,0.0,-0.0003,0.0305,0.1914,0.0027,0.0321,,,-37283.37,-15766.22,-37283.37,,,,ippo,retraso
local,2042,132,2174,3.45e-04,5.9,1810,7.3,21.44,3.99,17,-2909.8,-1.963,-5.881,1257,876,379,0.806,1767,220.0,75.7,0,0.0,0,0,6,12,105.52,22.53,24.04,0.849,0.867,0,0.0,-0.0015,0.0263,0.1771,0.0022,0.0197,,,-36964.45,-15738.04,-36964.45,,,,ippo,retraso
local,2042,133,2175,3.40e-04,6.0,1810,7.15,21.54,3.9,16,-2845.3,-1.928,-5.899,1251,870,380,0.814,1764,220.3,75.8,0,0.0,0,0,6,13,105.88,22.87,24.29,0.859,0.858,0,0.0,-0.0007,0.0281,0.181,0.0036,0.0387,,,-36898.33,-15314.87,-36898.33,,,,ippo,retraso
local,2042,134,2176,3.35e-04,6.0,1810,7.47,21.97,4.08,19,-2951.3,-1.997,-6.053,1245,850,392,0.843,1768,221.3,76.1,0,0.0,0,0,9,13,107.26,24.35,25.94,0.941,0.832,0,0.0,-0.0016,0.0385,0.1963,0.002,0.0267,,,-37678.76,-15990.01,-37678.76,,,,ippo,retraso
local,2042,135,2177,3.30e-04,5.8,1810,7.32,21.53,3.99,17,-2916.2,-1.973,-5.918,1245,850,393,0.831,1764,220.8,76.0,0,0.0,0,0,7,13,105.93,23.17,24.3,0.899,0.839,0,0.0,-0.0016,0.0306,0.1995,0.0017,0.0226,,,-36841.25,-15661.11,-36841.25,,,,ippo,retraso
local,2042,136,2178,3.25e-04,5.9,1810,6.98,21.06,3.83,17,-2773.3,-1.876,-5.804,1238,830,405,0.817,1766,220.3,75.8,0,0.0,0,0,7,11,106.2,23.58,24.62,0.925,0.838,0,0.0,-0.002,0.0279,0.2153,0.0021,0.0288,,,-35925.74,-14972.39,-35925.74,,,,ippo,retraso
local,2042,137,2179,3.20e-04,6.0,1810,7.13,21.55,3.88,15,-2823.7,-1.895,-5.898,1248,838,407,0.833,1769,221.0,76.0,0,0.0,0,0,8,14,106.91,24.04,26.16,0.919,0.824,0,0.0,-0.0,0.0301,0.2194,0.0022,0.0236,,,-36803.99,-15283.42,-36803.99,,,,ippo,retraso
local,2042,138,2180,3.15e-04,6.0,1810,7.31,22.16,3.98,17,-2889.2,-1.947,-6.151,1238,822,413,0.88,1766,222.1,76.3,0,0.0,0,0,8,14,108.45,25.35,27.15,1.016,0.784,0,0.0,-0.0071,0.0338,0.2012,0.0029,0.0345,,,-38073.28,-15596.15,-38073.28,,,,ippo,retraso
local,2042,139,2181,3.10e-04,5.9,1810,7.32,21.69,4.0,17,-2904.3,-1.968,-6.015,1232,819,410,0.86,1765,221.1,76.0,0,0.0,0,0,7,14,107.12,24.23,25.45,0.964,0.816,0,0.0,-0.0085,0.0292,0.1962,0.0034,0.0452,,,-37052.0,-15611.87,-37052.0,,,,ippo,retraso
local,2042,140,2182,3.05e-04,5.9,1810,7.83,22.84,4.25,18,-3088.3,-2.087,-6.299,1239,833,405,0.902,1764,223.8,76.9,0,0.0,0,0,12,16,109.01,25.95,28.14,1.021,0.781,0,0.0,-0.0012,0.0395,0.2095,0.0063,0.0596,22.05,7.4,-39020.06,-16680.35,-39020.06,22.05,21.9,21.975,ippo,retraso
local,2042,141,2183,3.00e-04,5.7,1810,7.74,22.66,4.21,17,-3068.5,-2.076,-6.258,1246,852,391,0.896,1767,223.4,76.8,0,0.0,0,0,7,13,108.38,25.64,27.45,1.055,0.735,0,0.0,-0.0029,0.039,0.1905,0.002,0.0255,,,-38989.91,-16497.06,-38989.91,,,,ippo,retraso
local,2042,142,2184,2.95e-04,5.8,1810,7.0,21.6,3.85,17,-2757.7,-1.871,-5.963,1238,838,397,0.813,1767,220.8,75.9,0,0.0,0,0,8,14,107.47,24.17,26.29,0.912,0.833,0,0.0,0.0004,0.0373,0.2019,0.0017,0.0198,,,-36910.48,-15011.23,-36910.48,,,,ippo,retraso
local,2042,143,2185,2.90e-04,5.8,1810,7.52,22.51,4.09,17,-2975.5,-2.013,-6.217,1238,832,403,0.891,1768,222.4,76.4,0,0.0,0,0,10,15,108.95,25.87,27.72,1.027,0.787,0,0.0,-0.0016,0.038,0.1951,0.0028,0.0403,,,-38482.71,-15986.95,-38482.71,,,,ippo,retraso
local,2042,144,2186,2.85e-04,5.9,1810,7.53,21.97,4.12,19,-3009.4,-2.039,-6.031,1249,863,383,0.833,1767,221.4,76.2,0,0.0,0,0,7,12,107.14,24.1,25.62,0.931,0.824,0,0.0,-0.0018,0.0262,0.1956,0.0019,0.0246,,,-37663.16,-16124.86,-37663.16,,,,ippo,retraso
local,2042,145,2187,2.80e-04,6.0,1810,7.19,21.41,3.94,14,-2849.4,-1.925,-5.883,1249,859,387,0.809,1763,220.6,75.9,0,0.0,0,0,8,12,106.11,23.02,24.3,0.872,0.845,0,0.0,-0.0008,0.0263,0.1935,0.0027,0.0297,,,-36742.3,-15470.57,-36742.3,,,,ippo,retraso
local,2042,146,2188,2.75e-04,5.9,1810,7.72,22.35,4.18,17,-3051.1,-2.062,-6.168,1248,856,389,0.864,1765,222.0,76.3,0,0.0,0,0,9,13,107.21,23.98,25.68,0.909,0.851,0,0.0,0.0002,0.0375,0.1862,0.0014,0.017,,,-38490.37,-16452.15,-38490.37,,,,ippo,retraso
local,2042,147,2189,2.70e-04,6.0,1810,7.9,22.55,4.29,17,-3139.3,-2.124,-6.251,1252,868,382,0.865,1760,222.7,76.6,0,0.0,0,0,8,14,107.14,24.07,25.8,0.936,0.809,0,0.0,-0.0002,0.0334,0.206,0.0021,0.0251,,,-39129.55,-16867.81,-39129.55,,,,ippo,retraso
local,2042,148,2190,2.65e-04,5.9,1810,7.33,21.68,4.0,17,-2890.5,-1.956,-5.95,1247,857,388,0.835,1764,221.2,76.1,0,0.0,0,0,7,14,106.68,23.66,25.46,0.902,0.836,0,0.0,-0.0008,0.0341,0.1949,0.0027,0.0355,,,-37097.28,-15665.04,-37097.28,,,,ippo,retraso
local,2042,149,2191,2.60e-04,6.1,1810,7.41,21.65,4.04,15,-2927.3,-1.983,-5.952,1251,869,379,0.822,1766,220.7,75.9,0,0.0,0,0,6,13,106.03,22.84,24.06,0.873,0.827,0,0.0,-0.0007,0.0284,0.2026,0.0014,0.0185,,,-37228.58,-15865.68,-37228.58,,,,ippo,retraso
local,2042,150,2192,2.55e-04,6.1,1810,7.48,21.98,4.06,17,-2965.9,-1.999,-6.037,1251,855,393,0.838,1769,221.3,76.1,0,0.0,0,0,9,16,106.42,23.64,25.43,0.9,0.848,0,0.0,-0.0036,0.0348,0.2008,0.0028,0.0372,21.68,7.34,-37759.6,-16015.21,-37759.6,21.68,20.39,21.035,ippo,retraso
local,2042,151,2193,2.50e-04,5.9,1810,6.97,20.75,3.81,17,-2763.5,-1.867,-5.681,1246,851,394,0.783,1765,218.9,75.4,0,0.0,0,0,6,12,104.41,21.76,22.95,0.801,0.881,0,0.0,0.0019,0.0274,0.1933,0.0019,0.0238,,,-35390.64,-14992.98,-35390.64,,,,ippo,retraso
local,2042,152,2194,2.45e-04,5.8,1810,7.85,22.25,4.27,16,-3124.3,-2.114,-6.112,1252,868,382,0.857,1768,221.9,76.4,0,0.0,0,0,7,12,106.62,23.59,25.51,0.927,0.848,0,0.0,-0.003,0.0261,0.1926,0.0017,0.0229,,,-38258.54,-16778.87,-38258.54,,,,ippo,retraso
local,2042,153,2195,2.40e-04,5.8,1810,7.56,22.03,4.09,17,-2998.2,-2.02,-6.088,1254,864,387,0.855,1765,221.4,76.1,0,0.0,0,0,7,13,107.18,23.97,25.36,0.935,0.825,0,0.0,-0.0009,0.0296,0.1885,0.0012,0.0165,,,-38169.66,-16141.53,-38169.66,,,,ippo,retraso
local,2042,154,2196,2.35e-04,5.7,1810,7.01,20.97,3.84,16,-2787.1,-1.881,-5.758,1249,854,392,0.771,1768,219.0,75.4,0,0.0,0,0,7,12,105.68,22.6,24.34,0.825,0.881,0,0.0,-0.002,0.0286,0.1996,0.0016,0.0225,,,-35956.84,-15123.98,-35956.84,,,,ippo,retraso
local,2042,155,2197,2.30e-04,5.8,1810,7.02,21.4,3.84,16,-2797.1,-1.89,-5.885,1243,840,400,0.82,1767,220.5,75.8,0,0.0,0,0,6,12,106.53,23.5,24.98,0.914,0.824,0,0.0,-0.0012,0.0217,0.2068,0.0012,0.0149,,,-36573.75,-15069.56,-36573.75,,,,ippo,retraso
local,2042,156,2198,2.25e-04,5.9,1810,7.59,21.8,4.12,16,-3010.0,-2.037,-5.989,1247,855,389,0.848,1765,221.4,76.2,0,0.0,0,0,7,12,105.98,23.27,24.64,0.922,0.845,0,0.0,0.0001,0.0285,0.23,0.002,0.0233,,,-37342.47,-16206.09,-37342.47,,,,ippo,retraso
local,2042,157,2199,2.20e-04,5.9,1810,7.19,21.58,3.95,16,-2883.5,-1.954,-5.977,1243,847,393,0.839,1766,220.9,75.9,0,0.0,0,0,7,14,106.86,24.09,25.83,0.944,0.808,0,0.0,-0.0042,0.03,0.215,0.002,0.0212,,,-37144.67,-15460.45,-37144.67,,,,ippo,retraso
local,2042,158,2200,2.15e-04,6.0,1810,7.41,21.86,4.03,15,-2936.4,-1.979,-5.928,1255,865,387,0.844,1766,221.3,76.1,0,0.0,0,0,7,13,107.03,24.11,25.65,0.939,0.818,0,0.0,0.0021,0.0292,0.206,0.0022,0.027,,,-37200.02,-15870.28,-37200.02,,,,ippo,retraso
local,2042,159,2201,2.10e-04,5.8,1810,7.68,21.96,4.12,17,-3052.3,-2.051,-5.978,1259,869,387,0.832,1765,221.8,76.3,0,0.0,0,0,7,12,106.49,23.54,24.47,0.909,0.845,0,0.0,-0.0005,0.0255,0.2015,0.0022,0.0312,,,-37630.11,-16349.41,-37630.11,,,,ippo,retraso
local,2042,160,2202,2.05e-04,5.8,1810,7.36,21.53,4.02,17,-2961.4,-2.006,-5.916,1253,873,377,0.804,1766,220.2,75.8,0,0.0,0,0,9,13,106.08,22.99,24.44,0.853,0.854,0,0.0,0.0012,0.0333,0.1924,0.0023,0.022,22.68,8.13,-37065.34,-15801.74,-37065.34,22.68,21.43,22.055,ippo,retraso
local,2042,161,2203,2.00e-04,6.0,1810,7.53,21.88,4.07,18,-2994.2,-2.015,-5.962,1258,868,387,0.83,1765,221.3,76.1,0,0.0,0,0,11,15,106.82,23.65,25.4,0.899,0.847,0,0.0,-0.0042,0.0358,0.1873,0.0046,0.0335,,,-37499.51,-16117.04,-37499.51,,,,ippo,retraso
local,2042,162,2204,1.95e-04,5.8,1810,7.36,21.62,4.02,15,-2950.5,-1.994,-5.911,1256,874,379,0.815,1767,220.5,75.9,0,0.0,0,0,7,12,105.86,22.97,24.56,0.874,0.839,0,0.0,-0.0021,0.0277,0.2015,0.0018,0.0178,,,-37119.46,-15846.52,-37119.46,,,,ippo,retraso
local,2042,163,2205,1.90e-04,5.8,1810,7.55,21.48,4.13,15,-3040.1,-2.06,-5.941,1247,860,384,0.812,1767,220.4,75.9,0,0.0,0,0,7,12,105.16,22.44,23.99,0.864,0.869,0,0.0,0.0015,0.0226,0.1982,0.0021,0.0291,,,-37045.22,-16267.67,-37045.22,,,,ippo,retraso
local,2042,164,2206,1.85e-04,5.8,1810,7.33,21.5,4.02,16,-2938.5,-1.991,-5.907,1253,875,376,0.783,1763,220.0,75.7,0,0.0,0,0,7,13,105.31,22.48,24.03,0.812,0.867,0,0.0,-0.001,0.0241,0.1933,0.0018,0.0255,,,-37004.67,-15841.14,-37004.67,,,,ippo,retraso
local,2042,165,2207,1.80e-04,6.0,1810,7.45,21.43,4.02,17,-2964.4,-1.987,-5.826,1269,888,377,0.799,1771,219.9,75.7,0,0.0,0,0,7,11,104.92,22.01,23.5,0.828,0.865,0,0.0,-0.0018,0.0246,0.1804,0.0023,0.0358,,,-36965.26,-16043.85,-36965.26,,,,ippo,retraso
local,2042,166,2208,1.75e-04,5.8,1810,7.79,22.02,4.22,16,-3109.0,-2.104,-6.063,1252,870,379,0.823,1763,221.4,76.2,0,0.0,0,0,7,11,106.2,23.26,24.71,0.868,0.852,0,0.0,-0.0014,0.0339,0.1903,0.0021,0.0299,,,-37953.51,-16659.2,-37953.51,,,,ippo,retraso
local,2042,167,2209,1.70e-04,5.8,1810,7.36,21.43,4.01,15,-2936.3,-1.984,-5.869,1255,873,379,0.806,1766,219.9,75.7,0,0.0,0,0,6,12,105.24,22.51,23.73,0.851,0.864,0,0.0,-0.0005,0.0271,0.1811,0.0007,0.0089,,,-36830.29,-15799.57,-36830.29,,,,ippo,retraso
local,2042,168,2210,1.65e-04,5.9,1810,7.23,21.05,3.95,18,-2921.5,-1.969,-5.729,1262,884,374,0.775,1765,218.8,75.3,0,0.0,0,0,8,12,104.46,21.6,22.89,0.776,0.9,0,0.0,-0.0045,0.0292,0.1739,0.003,0.0408,,,-36147.64,-15645.53,-36147.64,,,,ippo,retraso
local,2042,169,2211,1.60e-04,5.7,1810,7.14,21.41,3.9,15,-2846.2,-1.928,-5.815,1248,862,384,0.799,1762,220.0,75.7,0,0.0,0,0,7,11,105.72,22.91,24.57,0.838,0.859,0,0.0,-0.0012,0.0259,0.1729,0.0017,0.0254,,,-36283.67,-15296.45,-36283.67,,,,ippo,retraso
local,2042,170,2212,1.55e-04,5.9,1810,7.21,21.46,3.95,15,-2860.6,-1.933,-5.935,1247,853,392,0.803,1767,220.4,75.8,0,0.0,0,0,7,12,105.84,22.69,24.12,0.846,0.876,0,0.0,-0.0005,0.0263,0.1836,0.0012,0.017,21.34,7.35,-37003.92,-15563.21,-37003.92,21.34,21.38,21.36,ippo,retraso
local,2042,171,2213,1.50e-04,5.8,1810,7.13,21.04,3.92,16,-2863.8,-1.94,-5.776,1252,870,379,0.793,1766,219.1,75.4,0,0.0,0,0,7,13,105.26,22.36,23.53,0.86,0.856,0,0.0,-0.001,0.0266,0.1799,0.002,0.0201,,,-36158.37,-15410.16,-36158.37,,,,ippo,retraso
local,2042,172,2214,1.45e-04,6.0,1810,7.64,21.94,4.13,17,-3020.6,-2.041,-6.018,1254,871,380,0.818,1766,221.0,76.0,0,0.0,0,0,9,16,106.37,23.4,24.59,0.886,0.841,0,0.0,-0.0009,0.0285,0.1656,0.0016,0.0227,,,-37733.58,-16284.25,-37733.58,,,,ippo,retraso
local,2042,173,2215,1.40e-04,6.1,1810,7.61,22.07,4.15,15,-3040.3,-2.057,-6.086,1248,859,387,0.825,1761,221.8,76.3,0,0.0,0,0,7,13,106.75,23.66,25.13,0.884,0.869,0,0.0,-0.0013,0.0265,0.166,0.0011,0.0134,,,-37973.68,-16308.41,-37973.68,,,,ippo,retraso
local,2042,174,2216,1.35e-04,5.9,1810,7.66,21.65,4.14,15,-3029.4,-2.041,-5.918,1256,870,383,0.829,1766,220.4,75.9,0,0.0,0,0,7,11,105.35,22.55,23.65,0.881,0.862,0,0.0,-0.0019,0.0254,0.1571,0.0025,0.036,,,-37164.26,-16357.14,-37164.26,,,,ippo,retraso
local,2042,175,2217,1.30e-04,5.8,1810,7.16,21.16,3.92,16,-2870.9,-1.942,-5.802,1253,872,379,0.803,1763,219.6,75.6,0,0.0,0,0,7,12,104.85,22.26,23.64,0.854,0.866,0,0.0,0.0002,0.0253,0.1617,0.0016,0.0197,,,-36346.81,-15447.88,-36346.81,,,,ippo,retraso
local,2042,176,2218,1.25e-04,5.9,1810,7.45,21.74,4.06,16,-2949.3,-1.995,-5.964,1246,851,391,0.822,1766,220.8,76.0,0,0.0,0,0,9,15,105.97,23.07,24.8,0.865,0.862,0,0.0,-0.0004,0.0299,0.171,0.0009,0.0118,,,-37158.81,-15931.03,-37158.81,,,,ippo,retraso
local,2042,177,2219,1.20e-04,5.9,1810,6.81,20.94,3.74,14,-2710.0,-1.834,-5.684,1256,880,373,0.771,1766,219.1,75.3,0,0.0,0,0,6,13,105.13,22.16,23.14,0.793,0.872,0,0.0,0.0001,0.0259,0.1556,0.0007,0.0097,,,-35697.54,-14711.53,-35697.54,,,,ippo,retraso
local,2042,178,2220,1.15e-04,5.8,1810,6.94,20.44,3.83,15,-2798.2,-1.893,-5.579,1255,878,374,0.752,1765,217.9,75.1,0,0.0,0,0,7,14,103.55,21.02,22.47,0.76,0.905,0,0.0,-0.0013,0.0266,0.1428,0.0015,0.0216,,,-35010.11,-15067.6,-35010.11,,,,ippo,retraso
local,2042,179,2221,1.10e-04,5.8,1810,7.43,21.28,4.05,14,-2973.7,-2.012,-5.823,1256,878,375,0.791,1767,219.5,75.6,0,0.0,0,0,7,13,104.41,21.61,22.74,0.802,0.868,0,0.0,0.0007,0.0259,0.1507,0.0013,0.0199,,,-36570.19,-15986.13,-36570.19,,,,ippo,retraso
local,2042,180,2222,1.05e-04,5.8,1810,7.25,20.86,3.92,16,-2902.3,-1.943,-5.65,1273,899,371,0.751,1765,218.0,75.1,0,0.0,0,0,6,13,103.22,20.36,21.4,0.679,0.918,0,0.0,-0.0006,0.0294,0.1381,0.0005,0.0056,20.99,7.17,-35963.19,-15675.6,-35963.19,20.99,21.13,21.06,ippo,retraso
local,2042,181,2223,1.00e-04,5.7,1810,7.16,21.01,3.91,16,-2865.5,-1.934,-5.698,1264,892,369,0.767,1768,218.8,75.3,0,0.0,0,0,6,12,104.5,21.61,23.12,0.776,0.881,0,0.0,-0.0004,0.0271,0.1569,0.0006,0.0077,,,-36008.51,-15468.61,-36008.51,,,,ippo,retraso
local,2042,182,2224,9.50e-05,5.8,1810,7.36,21.33,3.97,14,-2908.7,-1.947,-5.783,1271,891,377,0.794,1769,219.7,75.6,0,0.0,0,0,7,11,104.48,21.47,22.47,0.806,0.868,0,0.0,-0.0004,0.0239,0.1626,0.0006,0.0078,,,-36753.69,-15847.36,-36753.69,,,,ippo,retraso
local,2042,183,2225,9.00e-05,5.7,1810,7.26,21.02,3.97,18,-2911.5,-1.973,-5.774,1252,872,377,0.782,1765,219.0,75.4,0,0.0,0,0,7,12,104.35,21.44,22.34,0.786,0.882,0,0.0,-0.0006,0.0278,0.1549,0.0005,0.0051,,,-36147.31,-15626.14,-36147.31,,,,ippo,retraso
local,2042,184,2226,8.50e-05,5.5,1810,7.26,20.71,3.96,16,-2893.2,-1.955,-5.659,1259,884,371,0.777,1768,218.4,75.2,0,0.0,0,0,6,11,103.57,21.07,22.43,0.781,0.895,0,0.0,-0.0014,0.0233,0.1386,0.0009,0.0127,,,-35622.03,-15637.43,-35622.03,,,,ippo,retraso
local,2042,185,2227,8.00e-05,5.9,1810,7.04,20.72,3.84,14,-2815.7,-1.897,-5.625,1262,884,375,0.75,1768,217.9,75.0,0,0.0,0,0,6,12,103.5,20.74,21.65,0.716,0.925,0,0.0,-0.0016,0.0263,0.1679,0.0017,0.0266,,,-35495.23,-15200.92,-35495.23,,,,ippo,retraso
local,2042,186,2228,7.50e-05,5.9,1810,7.08,20.85,3.87,16,-2823.1,-1.91,-5.714,1248,858,387,0.776,1767,218.9,75.3,0,0.0,0,0,6,12,104.31,21.81,22.62,0.805,0.884,0,0.0,-0.0004,0.0231,0.1612,0.0009,0.013,,,-35653.31,-15219.86,-35653.31,,,,ippo,retraso
local,2042,187,2229,7.00e-05,5.9,1810,7.65,22.02,4.16,16,-3042.0,-2.058,-6.022,1258,883,372,0.836,1769,221.4,76.2,0,0.0,0,0,7,13,106.26,23.35,24.96,0.894,0.816,0,0.0,-0.0002,0.0297,0.1539,0.0004,0.0035,,,-37878.7,-16401.87,-37878.7,,,,ippo,retraso
local,2042,188,2230,6.50e-05,6.2,1810,7.25,21.24,3.98,15,-2924.5,-1.979,-5.823,1257,883,371,0.791,1769,219.7,75.6,0,0.0,0,0,6,11,104.82,21.9,23.45,0.806,0.878,0,0.0,0.0026,0.0281,0.1507,0.0007,0.0083,,,-36597.66,-15664.36,-36597.66,,,,ippo,retraso
local,2042,189,2231,6.00e-05,6.5,1810,7.65,21.7,4.15,17,-3039.2,-2.056,-5.935,1257,881,373,0.814,1764,220.1,75.8,0,0.0,0,0,7,13,105.17,22.46,23.85,0.834,0.864,0,0.0,-0.0016,0.0319,0.1531,0.0011,0.0169,,,-37299.64,-16359.42,-37299.64,,,,ippo,retraso
local,2042,190,2232,5.50e-05,6.3,1810,7.14,21.27,3.91,16,-2834.6,-1.918,-5.826,1250,864,383,0.79,1764,220.0,75.7,0,0.0,0,0,6,11,105.08,22.08,23.45,0.795,0.885,0,0.0,-0.0,0.0267,0.1599,0.0008,0.0081,20.55,6.87,-36410.36,-15395.41,-36410.36,20.55,20.8,20.675,ippo,retraso
local,2042,191,2233,5.00e-05,5.7,1810,7.88,22.1,4.29,16,-3161.1,-2.139,-6.075,1259,887,369,0.828,1767,221.4,76.3,0,0.0,0,0,7,14,105.23,22.62,24.57,0.845,0.865,0,0.0,-0.003,0.0288,0.1517,0.0013,0.022,,,-38240.58,-16937.93,-38240.58,,,,ippo,retraso
local,2042,192,2234,4.50e-05,6.3,1810,7.35,21.08,3.99,17,-2934.6,-1.975,-5.727,1266,891,371,0.78,1768,219.2,75.5,0,0.0,0,0,7,11,104.48,21.75,22.77,0.792,0.879,0,0.0,-0.0015,0.0241,0.1581,0.0014,0.0212,,,-36249.85,-15810.16,-36249.85,,,,ippo,retraso
local,2042,193,2235,4.00e-05,6.0,1810,7.78,21.87,4.22,16,-3108.6,-2.106,-5.959,1261,897,361,0.804,1767,220.4,75.9,0,0.0,0,0,6,12,105.21,22.49,23.56,0.847,0.867,0,0.0,-0.0015,0.0269,0.1511,0.0016,0.0231,,,-37571.67,-16650.86,-37571.67,,,,ippo,retraso
local,2042,194,2236,3.50e-05,6.0,1810,6.95,20.58,3.81,17,-2776.0,-1.878,-5.589,1261,891,367,0.734,1770,217.5,74.9,0,0.0,0,0,6,12,103.94,20.83,21.74,0.712,0.925,0,0.0,-0.0014,0.0261,0.1454,0.0009,0.0135,,,-35237.41,-15034.13,-35237.41,,,,ippo,retraso
local,2042,195,2237,3.00e-05,5.8,1810,6.96,20.75,3.79,15,-2768.7,-1.866,-5.597,1265,891,371,0.739,1766,218.7,75.3,0,0.0,0,0,6,12,103.62,20.74,22.13,0.692,0.92,0,0.0,-0.0013,0.0241,0.1439,0.0005,0.0048,,,-35401.81,-15016.2,-35401.81,,,,ippo,retraso
local,2042,196,2238,2.50e-05,5.9,1810,7.14,21.09,3.93,16,-2868.9,-1.944,-5.777,1257,883,371,0.77,1766,218.9,75.3,0,0.0,0,0,8,16,104.54,21.59,23.29,0.778,0.88,0,0.0,-0.0006,0.0363,0.1592,0.0002,0.0002,,,-36309.06,-15487.27,-36309.06,,,,ippo,retraso
local,2042,197,2239,2.00e-05,6.0,1810,7.21,21.22,3.91,16,-2879.6,-1.93,-5.755,1269,889,375,0.775,1766,219.8,75.6,0,0.0,0,0,7,12,104.91,21.94,23.35,0.772,0.893,0,0.0,-0.0004,0.022,0.1587,0.0001,0.0,,,-36512.83,-15564.83,-36512.83,,,,ippo,retraso
local,2042,198,2240,1.50e-05,6.0,1810,7.28,20.97,3.98,16,-2926.4,-1.98,-5.748,1260,890,367,0.756,1764,218.8,75.4,0,0.0,0,0,7,13,103.7,21.12,22.36,0.752,0.902,0,0.0,0.0001,0.0326,0.1573,0.0002,0.0003,,,-36210.7,-15730.06,-36210.7,,,,ippo,retraso
local,2042,199,2241,1.00e-05,5.9,1810,7.37,21.12,4.0,16,-2922.1,-1.969,-5.699,1266,895,367,0.779,1769,219.3,75.6,0,0.0,0,0,6,11,103.41,20.94,21.81,0.778,0.887,0,0.0,-0.0015,0.0231,0.1682,0.0013,0.0202,,,-36074.88,-15876.14,-36074.88,,,,ippo,retraso
local,2042,200,2242,5.00e-06,6.0,1810,6.99,20.85,3.85,15,-2802.7,-1.896,-5.708,1257,882,372,0.764,1766,218.8,75.3,0,0.0,0,0,6,11,104.78,21.8,23.04,0.773,0.892,0,0.0,0.0002,0.0277,0.1552,0.0,0.0,20.83,7.02,-35876.39,-15144.61,-35876.39,20.83,21.28,21.055,ippo,retraso
